1
10
100
100017
100032
100034
100083
100106
100159
100163
100226
100272
1003
100304
100306
100326
100365
100383
100390
1004
100450
100487
100498
1005
100517
100527
100553
100556
100581
1006
1007
100714
100745
1008
100843
1009
101
1010
101025
101070
101076
101088
1011
101106
101112
101142
1012
101283
101285
1013
101360
101362
1014
101415
1015
101525
101529
101531
101577
1016
101612
1017
101741
1018
101850
101864
101884
101895
1019
101904
101947
101962
102
1020
102033
1021
102123
102125
102165
102194
1022
102217
102252
102278
1023
102378
102396
1024
102407
102445
102481
1025
102588
1026
102666
102684
102686
1027
102716
102720
102753
102792
1028
102800
102819
102880
1029
102903
102905
102993
102995
103
1030
103042
103048
1031
103107
103137
103141
1032
103210
103221
103228
103235
103249
103253
103279
103299
1033
103335
103339
103341
103372
103384
1034
103444
1035
103502
103539
103543
103596
1036
103624
103655
103659
103671
103688
1037
103731
103755
103772
103801
103810
103813
103819
103865
103883
103980
103984
104
1040
104069
104074
104076
104078
1041
104119
104129
1042
104211
104218
104241
104243
104245
104272
104283
1043
104303
104312
104321
104337
104339
104374
1044
104419
104441
104457
104590
104595
104597
1046
104662
1047
104726
104757
104760
104841
104863
104879
104881
1049
104906
104913
104925
104944
105
1050
105037
1051
105121
105197
105211
105213
105246
105254
1053
105351
105355
1054
105429
105468
1055
105504
105585
105593
1056
1057
105715
105731
105755
105763
105769
105844
1059
105954
1060
106002
106004
106011
106022
106062
106072
1061
106100
106111
106144
106204
106236
1063
106330
106332
106397
1064
106417
106438
106441
106452
106471
106473
106487
106489
106491
106540
106542
1066
106642
106696
1067
106762
106766
106782
1068
106839
106870
106873
106883
1069
106916
106918
106920
107
107042
107057
107069
107081
107083
107141
1073
107314
107348
107382
107406
107412
107447
107516
107555
107559
1076
107649
1077
107702
107769
107771
1078
1079
107910
107953
107978
107999
108
1080
108076
108090
1081
108156
108188
108190
108192
1082
1083
1084
108447
1085
108506
108514
108548
108551
108583
1086
108601
108689
1087
108709
108715
108727
108729
108795
1088
108873
1089
108928
108932
108945
108949
108979
108981
1090
109042
109074
1091
109161
109183
109187
109191
1092
109205
109249
109295
1093
109317
109359
109372
109374
1094
109483
109487
1095
109576
109578
1096
109673
109687
1097
109740
109742
109846
109848
109850
109853
109864
109895
1099
11
110
1100
110058
1101
110102
110110
110127
110194
110297
1103
110348
110352
1104
110453
110461
1105
110501
110553
110586
110591
110611
110645
110655
110730
110748
110752
110771
110781
110826
110858
110873
110882
111
1111
111113
1112
111228
111235
1113
111360
111362
111364
111384
1114
111443
111486
111529
111617
111622
111624
111659
111663
111680
111743
111759
111795
111913
111921
111931
112
1120
112006
112062
112070
112112
112138
112171
112175
112183
112277
112290
1123
112303
112334
112370
112399
1124
112421
112450
112460
112497
1125
112515
112552
112556
112577
112582
1126
112623
112653
112655
112689
1127
112735
112749
112767
112788
1128
112804
112818
112850
112852
112897
1129
112911
112921
112940
113
1130
113064
1131
113186
1132
113207
113220
113225
113252
113275
1133
113345
113348
113378
113416
113453
1135
113532
113565
113573
1136
113640
1137
113705
113741
113780
113829
113862
113938
114
114028
114044
114060
114074
114082
114122
114180
114265
114342
114464
1145
114552
114601
114635
114662
114670
1147
114707
114762
114766
114795
1148
114818
114925
114935
1150
1151
115122
115147
115149
115151
115170
115174
1152
115210
115216
115231
1153
1154
115502
115534
115569
115617
115624
115664
115680
115877
115881
115927
116
116012
1161
116136
116161
1162
116207
1163
116397
1164
116413
116419
1165
116503
116660
1167
116797
116799
1168
116823
116849
116855
116887
116897
1169
116939
116977
116985
117
1171
117107
117123
117176
117192
1172
1173
1174
117434
117444
117456
1175
117511
117533
117590
1176
1177
1178
117851
117871
1179
118
1180
118082
1181
118105
118248
118260
1183
118326
118334
118354
1184
118468
1185
1186
118696
1187
118702
1188
118814
118880
118890
118898
1189
118900
118924
118985
118997
119
1190
119068
1191
119141
119145
119155
1192
1193
1194
1196
119655
1197
1198
1199
12
1200
1201
1202
1203
120392
1204
120466
1206
120635
120637
1207
120783
1208
120805
120821
1209
121
1210
1211
121113
121126
121171
1212
121231
1213
1214
121491
1215
1216
1217
1218
1219
122
1220
1221
1222
1223
1224
122490
1225
1226
1227
1228
122932
123
1230
1231
1232
1233
1234
1235
1236
1237
1238
123947
124
1240
1241
1242
1243
1244
1245
1246
1247
1248
124859
1249
125
1250
1251
1252
1253
1254
1255
1256
1257
1258
1259
125916
126
1260
126006
1261
126106
1262
1263
1264
126420
126430
1265
126548
1266
1267
1268
1269
1270
127052
127096
127098
1271
127136
127152
127194
127198
1272
127202
127206
1273
127319
1274
1275
1276
1277
127728
1278
1279
1280
1281
1282
1283
1284
1285
128520
128592
1286
128616
1287
1288
128846
1289
129
1290
129009
1291
129191
1292
1293
129313
129354
129428
1295
129514
1296
129653
129657
129659
1297
129737
1298
1299
129937
13
130
1300
130073
130083
130087
1301
1302
1303
130351
1304
130490
1305
130520
130522
130580
1306
130628
130642
130682
1307
130960
130970
130980
131
1310
131013
1311
131168
1312
1317
132
1320
1321
1322
1323
1324
1325
1326
1327
1328
1329
1330
1331
1332
1333
1334
1335
1336
1337
1339
1340
1341
1342
1343
1344
1345
1346
1347
1348
1349
135
1350
1351
1352
1353
1354
1355
1356
1357
1358
1359
1361
1363
1365
1366
1367
1369
137
1370
1371
1372
1373
1374
1375
1376
1377
1378
1379
1380
1381
1382
1384
1385
1387
1388
1389
1390
1391
1392
1393
1394
1395
1396
1397
1398
1399
14
140
1401
1404
1405
1406
1407
1408
1409
141
1410
1411
1413
1414
1415
1416
1417
1419
1420
1422
1423
1425
1427
1428
1429
1430
1431
1432
1433
1437
1438
144
1440
1441
1442
1444
1445
1446
1447
1449
145
1450
1453
1454
1455
1456
1457
1458
1459
146
1460
1461
1463
1464
1465
1466
1468
147
1472
1473
1474
1475
1476
1479
148
1480
1482
1483
1484
1485
1487
1488
1489
149
1490
1493
1495
1497
1498
1499
15
150
1500
1501
1502
1503
1504
1507
1508
151
1513
1515
1516
1517
1518
152
1523
1525
1526
1527
1529
153
1531
1532
1535
1537
1539
154
1541
1542
1543
1544
1545
1546
1549
155
1550
1552
1554
1555
1556
156
1562
1563
1564
1566
1569
157
1570
1571
1572
1573
1575
158
1580
1581
1582
1583
1584
1586
1587
1588
1589
159
1590
1591
1592
1593
1594
1595
1596
1597
1598
1599
16
160
1600
1601
1602
1603
1604
1605
1606
1608
1609
161
1610
1611
1612
1613
1614
1615
1616
1617
1619
162
1620
1621
1623
1624
1625
1626
1627
1629
163
1631
1632
1633
1635
1636
1639
164
1640
1641
1642
1643
1644
1645
1646
1647
1648
1649
165
1652
1653
1654
1655
1657
1658
166
1660
1661
1663
1665
1667
1668
1669
167
1670
1671
1672
1673
1674
1676
1678
168
1680
1681
1682
1683
1684
1686
1687
1688
1689
169
1690
1692
1693
1694
1696
1699
17
170
1701
1702
1703
1704
1707
171
1711
1713
1715
1717
1719
172
1721
1722
1726
1727
1728
1729
173
1730
1731
1732
1733
1734
1735
1739
174
1744
1746
1747
1748
175
1750
1752
1753
1754
1755
1756
1757
1759
176
1760
1762
1767
1769
177
1771
1772
1777
1779
178
1783
1784
1785
1788
179
1791
1792
1794
1795
1796
1797
1798
1799
18
180
1801
1804
1805
1806
1807
1809
181
1810
1812
1816
1819
1821
1822
1824
1826
1827
183
1831
1833
1834
1835
1836
1837
1839
184
1840
1841
1844
1845
1846
1848
185
1852
1854
1855
1856
1858
1859
186
1860
1861
1862
1863
1864
1865
1866
187
1870
1873
1874
1875
1876
1878
188
1880
1881
1882
1883
1884
1885
1886
1887
1888
1889
189
1891
1892
1894
1895
1896
1897
19
190
1900
1901
1902
1903
1904
1907
1909
191
1910
1911
1912
1913
1914
1916
1917
1918
1919
1920
1921
1922
1923
1924
1925
1926
1927
1928
1929
193
1931
1932
1933
1934
1935
1936
1937
1938
1939
194
1940
1941
1942
1943
1944
1945
1946
1947
1948
1949
195
1950
1951
1952
1953
1954
1955
1956
1957
1958
1959
196
1960
1961
1962
1963
1964
1965
1966
1967
1968
1969
1970
1971
1972
1973
1974
1975
1976
1977
1978
1979
198
1980
1981
1982
1983
1984
1985
1986
1987
1988
1989
199
1990
1991
1992
1993
1994
1995
1996
1997
1998
1999
2
20
200
2000
2001
2002
2003
2004
2005
2006
2007
2008
2009
201
2010
2011
2012
2013
2014
2015
2016
2017
2018
2019
202
2020
2021
2022
2023
2024
2025
2026
2027
2028
2029
203
2031
2032
2033
2034
2035
2036
2037
2038
2039
204
2040
2041
2042
2043
2044
2045
2046
2047
2048
2049
205
2050
2051
2052
2053
2054
2055
2056
2057
2058
2059
206
2060
2062
2063
2064
2065
2066
2067
2068
2069
207
2070
2071
2072
2073
2074
2075
2076
2077
2078
2079
208
2080
2081
2082
2083
2084
2085
2086
2087
2088
2089
209
2090
2091
2092
2093
2094
2095
2096
2097
2098
2099
21
2100
2101
2102
2103
2104
2105
2106
2107
2108
2109
211
2110
2111
2112
2113
2114
2115
2116
2117
2118
2119
2120
2121
2122
2123
2124
2125
2126
2128
213
2130
2131
2132
2133
2134
2135
2136
2137
2138
2139
214
2140
2141
2142
2143
2144
2145
2146
2147
2148
2149
215
2150
2151
2152
2153
2154
2155
2159
216
2160
2161
2162
2163
2164
2165
2166
2167
2168
2169
217
2170
2171
2173
2174
2176
2177
2178
218
2180
2181
2182
2183
2184
2186
2187
2188
2189
219
2190
2191
2193
2194
2195
2197
22
220
2200
2201
2202
2203
2204
2205
2206
2207
2208
2210
2212
2214
2215
2219
222
2221
2227
223
2231
2232
2236
2237
2238
2239
224
2240
2241
2243
2244
2245
2246
2247
2248
2249
225
2250
2252
2253
2254
2255
2256
2257
2259
2260
2261
2262
2263
2264
2265
2266
2267
2268
2269
227
2271
2272
2273
2275
2276
2278
2279
228
2280
2282
2283
2284
2285
2286
2287
2288
2289
229
2290
2291
2292
2294
2295
2296
2297
23
230
2300
2301
2302
2303
2304
2305
2306
2307
231
2310
2311
2312
2313
2314
2315
2316
2318
232
2320
2321
2322
2323
2324
2325
2327
2328
2329
233
2330
2331
2333
2334
2335
2336
2337
2338
2339
234
2340
2342
2344
2345
2346
2347
2348
2349
235
2350
2351
2352
2353
2354
2355
2356
2357
2359
236
2360
2361
2362
2363
2364
2365
2366
2367
2368
2369
237
2370
2371
2372
2373
2374
2375
2376
2377
2378
2379
238
2380
2381
2382
2383
2384
2385
2386
2387
2388
2389
239
2390
2391
2392
2393
2394
2395
2396
2397
2398
2399
24
240
2400
2401
2402
2403
2404
2405
2406
2407
2408
2409
241
2410
2411
2412
2413
2414
2415
2416
2417
2418
2419
242
2420
2421
2422
2423
2424
2425
2427
2428
2429
243
2430
2431
2432
2433
2434
2435
2436
2437
2438
2439
244
2440
2441
2442
2443
2445
2446
2447
2448
2449
245
2450
2451
2453
2454
2455
2456
2457
2458
2459
246
2460
2461
2462
2463
2464
2465
2467
2468
2469
247
2470
2471
2472
2473
2474
2475
2476
2478
2479
248
2481
2482
2483
2485
2486
2487
2488
249
2490
2491
2492
2493
2494
2495
2496
2497
2498
2499
25
250
2500
2501
2502
2504
2505
2506
2507
251
2511
2513
2514
2515
2516
2517
2518
2519
252
2520
2521
2522
2523
2524
2525
2526
2527
2528
2529
253
2530
2531
2532
2533
2534
2535
2536
2537
2539
254
2540
2541
2542
2545
2546
2548
2549
255
2550
2551
2552
2553
2554
2555
2557
2558
2559
256
2560
2561
2562
2563
2565
2566
2567
2568
2569
257
2570
2571
2572
2573
25737
2574
25744
2575
25750
25752
25753
25755
25763
25764
25769
2577
25771
25773
25774
25777
25788
2579
25792
25795
258
2580
25801
25805
25807
2581
2582
25825
25826
25827
25828
2583
25839
25841
25842
2585
25850
25852
25856
2586
25865
25868
2587
25874
25882
25886
2589
25891
25898
259
2590
25900
25901
25904
25906
25911
25916
25920
25929
25930
25937
2594
25940
25941
25945
25947
25952
2596
25962
25965
2597
25971
25972
2598
2599
25993
25995
25996
25999
26
260
2600
26003
26005
26007
26009
26010
26012
26013
26025
2605
26052
2606
2607
26079
26082
26084
26085
26086
2609
26093
26094
261
2610
2611
26111
26116
26117
2612
26122
26125
2613
26131
26133
26147
2615
26150
26151
26152
26157
2616
26160
26163
26164
2617
26171
26172
26176
26178
2618
26180
26188
26198
26199
262
2620
26208
2621
2622
26228
26229
26231
2624
26241
26242
2625
26251
26258
2626
26265
26268
2627
26271
2628
2629
26294
263
2630
26302
26303
2631
26313
26317
26318
26320
26322
26323
26324
26325
26326
2633
26338
2634
26342
26346
26349
2635
26350
2636
26366
2637
26371
26375
2638
26386
2639
26391
26393
26394
264
2640
26400
26403
26404
26409
2641
26413
26414
2642
26422
26425
2643
26430
26435
2644
26462
26464
26467
2647
26471
26472
2648
26480
26485
26487
2649
26492
26494
265
2650
26501
26505
26509
2651
26513
2652
26524
26528
2653
2654
26547
2655
26554
26555
2656
26562
26564
2657
26574
26578
26581
26585
26587
2659
26599
266
2660
26603
26606
2661
26614
2662
26622
26631
2664
26649
26655
26662
26663
2668
26680
26684
26686
26689
2669
26693
26694
26695
267
2670
26700
26701
26702
26704
2671
26712
2672
26726
26729
2673
26731
26732
26736
26737
2674
26749
26750
2676
2677
26775
26776
2678
26782
26784
26788
26791
26797
268
26809
2681
26810
26812
26819
2682
2683
26835
26838
26840
26842
26843
26850
26854
2686
26865
2687
26870
2688
26886
2689
269
2690
26903
2691
26915
2692
2693
2694
26947
2696
2697
26974
2699
26999
27
270
2700
27002
27005
2701
2702
27020
27022
27032
2704
2706
2707
27075
2708
2709
271
2710
27109
2712
2713
2714
2715
27156
2716
2717
27178
2718
27186
2719
27193
272
2720
2721
2722
2723
2724
2725
27251
27253
27255
2726
27266
2727
2728
2729
273
2730
2731
27317
2732
27322
27329
2733
27334
27338
2734
2735
27351
2736
27369
27373
27376
2738
2739
27397
274
2741
27410
27416
27423
27441
2745
2746
2747
27478
2748
27482
2749
275
2750
2751
2752
27523
2753
2754
27544
2755
27555
2757
2758
2759
27592
276
27604
2761
27611
2762
2763
2764
27646
27648
2766
27660
27664
2767
27674
27685
27689
2769
277
2770
27700
27704
27706
2771
27713
2772
27721
27722
27724
27727
27728
27731
2774
27741
2775
27751
2776
27768
27772
27773
27778
27783
27784
27788
2779
27790
27792
27793
27798
278
2780
27800
27801
27802
27803
27808
2781
27812
27815
27816
2782
27821
27822
27826
2783
27831
27834
27837
27838
27839
2784
27846
27850
27851
27857
2786
27867
27869
2787
27871
27873
27875
27876
27878
27879
2788
27882
2789
27899
279
2790
27904
2791
27912
2792
27922
2793
2794
2795
2796
2797
2798
2799
28
280
2800
2801
2802
2803
2804
2805
2806
2807
2808
2809
281
2810
2812
2815
2816
2817
2819
282
2820
2822
2824
2826
2827
2828
2829
283
2832
2835
2836
2837
2839
2840
2841
2843
2844
2845
2846
2847
2848
2849
285
2850
2851
2852
2853
2855
2856
2857
2858
2859
2860
2861
2862
2863
2864
2866
2867
2868
2869
287
2870
2871
2872
2874
2875
2876
2877
2878
2879
288
2880
2881
2882
2883
2884
2885
2886
2887
2888
2889
289
2890
2891
2892
2893
2894
2897
2898
2899
29
290
2900
2901
2902
2903
2904
2905
2906
2907
2908
291
2912
2913
2915
2916
2917
2918
2919
292
2920
2921
2922
2923
2924
2925
2926
2927
2928
2929
293
2930
2932
2935
2936
2937
2938
2939
294
2940
2941
2942
2943
2944
2945
2946
2947
2948
2949
295
2950
2951
2952
2953
2956
2959
296
2961
2962
2964
2966
2967
2968
2969
2970
2971
2972
2973
2974
2975
2976
2977
2978
2979
2981
2982
2983
2984
2985
2986
2987
2988
2989
299
2990
2991
2992
2993
2995
2996
2997
2998
3
30
300
3000
3001
3002
3003
3004
3005
3006
3007
3008
301
3010
3011
3013
3015
3016
3017
3018
3019
302
3020
3021
3022
3024
3025
3028
3029
303
3030
3031
3032
3033
3034
3035
3036
3037
3038
3039
304
3040
3041
3042
3043
3044
3045
3046
3047
3048
305
3051
3052
3053
3054
3055
3057
306
3060
3061
3062
3063
3064
3066
3067
3068
3069
307
3070
30707
3071
30712
3072
30723
3074
30745
30749
3075
3076
3077
3078
30783
3079
30793
308
30803
3081
30810
30812
30816
30818
3082
30820
30822
30825
3083
30846
30848
30850
3086
30867
3087
3088
30883
3089
30892
30894
30898
309
3090
3091
3093
3094
3095
3096
3097
3098
3099
31
3100
31000
3101
3102
31026
3103
31035
3104
3105
3106
3107
3108
3109
3110
31101
31104
31109
3111
31114
31116
3112
3113
3114
3115
31150
31156
3116
31162
3117
3118
31184
31193
312
3120
3121
3122
31221
31225
3125
3127
31270
3128
31284
3129
31290
313
3130
3133
3134
3135
3136
31364
31374
3138
314
3140
31408
3141
31410
31413
3142
31420
31422
31427
3143
31431
31433
31435
31437
3144
31445
3145
3146
3147
3148
315
3150
31502
3152
31522
31524
3153
31547
31549
3155
3156
3157
3158
3159
316
3160
3161
3163
3165
31658
3166
31660
3167
3168
31682
31685
31689
3169
31694
31696
317
31700
3171
31724
3173
31737
3174
31747
3175
3176
3177
31770
3178
3179
318
3180
31804
3181
3182
3183
3185
3186
31878
3188
3189
319
3190
31903
3192
31921
31923
31930
3194
31952
31956
3196
31963
3197
31973
3198
3199
32
320
3200
3201
32017
32019
3202
32022
32025
32029
3203
32031
3204
3205
3206
3207
32078
3208
321
3210
3211
3213
32139
3214
32153
3216
32160
3217
32170
32174
3218
3219
322
32203
3221
32211
3223
32234
3224
3225
32280
32289
32291
32296
32298
32302
3232
32349
3235
32352
32369
32371
3238
32381
32387
3239
32395
324
3240
3241
3243
3244
32444
3245
32456
3246
32460
32464
32469
3247
3248
3249
325
3250
3251
32515
3252
32525
3253
3254
3255
32554
3256
32562
3257
3258
32582
32587
3259
32591
32596
32598
326
3260
3261
3262
3263
32632
3264
3265
3266
32666
3267
3268
32686
3269
327
3270
3271
3272
32728
3273
32735
3274
32743
3275
3276
32797
328
3281
3282
32825
3284
32840
32844
3285
32853
3286
3287
32882
3289
32892
32898
329
32914
3292
3294
32943
3296
3298
3299
330
3300
33004
3301
3302
33021
3303
3304
3306
3307
3308
33085
3309
331
3310
33124
3313
33138
3314
33145
33154
33158
3316
33162
33164
33166
3317
33171
3318
332
3320
3324
3325
3326
3327
3328
3329
33296
333
3330
3331
33312
3334
33358
3338
33380
3339
334
3340
3341
3342
3343
33437
3344
3347
3349
33493
33495
33499
335
3350
3351
3354
3355
33558
3357
3358
33587
3359
33592
336
3360
3361
33615
3362
33621
3363
33639
3364
33646
3365
33660
33669
33672
33679
3368
33681
33683
33688
337
3370
3371
33750
33760
3377
3379
33794
338
3380
33817
33826
33830
33834
33836
33838
3384
3385
3386
3387
3388
33880
33896
339
3390
33903
3391
33912
33917
3392
3393
3394
3395
3396
3397
3398
3399
34
340
3400
34002
3401
34018
3402
3404
34048
3405
3406
34072
3408
3409
341
3412
34129
3414
34143
3415
34150
34153
34162
34164
3417
3418
34198
342
3420
3421
3422
3423
3424
3425
3426
3427
34271
3428
3429
343
3430
3431
34319
3432
34321
34323
34326
34332
34334
34336
34338
3434
3435
34359
3436
34364
3437
3438
3439
344
3440
34405
3441
3442
34435
34437
3444
3445
3446
3447
3448
3449
345
3450
3451
3452
34520
34523
34528
3453
34530
34532
34534
34536
3454
34542
34552
3456
3457
34583
3459
346
3460
34608
3461
3462
3463
3465
3466
3467
3468
3469
347
3470
3471
3474
3475
3476
3477
3478
3479
348
3480
3481
3483
3484
3487
3489
349
3490
3491
3492
3494
3495
3496
3497
3498
3499
35
350
3500
3501
3502
3503
3504
3505
3506
3507
3508
3509
351
3510
3511
3512
3513
3515
3516
3518
3519
352
3520
3521
3522
3524
3525
3526
3527
3528
3529
353
3531
3534
3535
3536
3537
3538
3539
354
3540
3543
3544
3545
3546
3547
3548
3549
355
3550
3551
3552
3553
3554
3555
3556
3557
3559
356
3560
3563
3564
3565
3566
3567
3568
3569
357
3571
3572
3573
3574
3575
3576
3577
3578
3579
358
3580
3581
35836
3584
3587
3588
3590
3591
3593
3594
35957
3596
3598
3599
36
360
3600
3602
3604
3605
3606
3608
3609
361
3611
3612
3613
3614
3615
36152
3616
3617
3618
3619
362
3620
3621
3622
3623
3624
3626
3627
36276
3628
36289
3629
363
3632
3633
3634
3635
3637
3638
3639
36397
364
3640
36401
3643
3646
3649
365
36509
36517
36519
36525
36527
36529
3653
36533
36535
3654
3655
36553
3656
3657
3658
3659
366
3660
3661
3662
3663
3664
3665
3668
3669
367
36708
3671
3672
3673
3674
3675
3676
3677
3678
3679
368
3680
3681
3682
3683
3684
3685
3686
3687
3688
3689
369
3690
3691
3692
3693
36931
3694
3695
3696
3697
3698
3699
37
370
3700
3701
3702
3703
3704
3705
3706
3707
3708
3709
371
3710
3712
3713
3714
3715
3716
3717
3718
3719
372
3720
3721
37211
3723
3724
37240
3725
3726
3727
37277
3728
3729
373
3730
3731
3732
3733
3734
3735
3736
3737
3738
37380
37382
37384
37386
3739
374
3740
3741
3742
3743
3744
3745
3746
3747
37475
37477
375
3751
3752
3753
3754
3755
3757
3758
3759
376
3760
3761
3763
3764
3765
3766
3768
3769
377
3770
3771
37720
37727
37729
3773
37731
37733
37736
37739
3774
37741
3775
3777
37785
378
3780
3783
37830
3784
3785
37853
37855
37857
3786
3787
3788
3789
379
3790
3791
3792
3793
3794
3795
3798
3799
38
380
3800
3801
3802
38038
3804
3805
3806
38061
3807
3809
381
3810
3811
3812
3813
3814
3816
3819
382
3820
3821
3822
3823
3824
3825
3826
3827
3829
383
38304
3831
3832
3833
3834
3835
3836
3837
3838
38384
3839
384
3840
3841
3843
3844
3845
3846
3847
3848
3849
38499
3851
3852
3854
3855
3857
3858
3859
3860
3861
3863
3864
3865
3868
3869
387
3870
3871
3872
3873
3875
3877
3879
38798
388
3880
3882
3883
3885
3886
38886
3889
389
3890
3891
3892
3893
3895
3896
3897
38992
38994
39
390
3900
3901
3902
3903
3905
39052
3906
3908
3909
391
3910
3911
3913
3914
3915
3916
3917
3918
39183
3919
392
3920
3921
3922
3923
39231
39234
3924
3925
3926
3927
3928
3929
39292
393
3930
39307
3932
3933
3934
3936
3937
3938
39381
3939
39398
3940
39408
3941
39414
39416
39419
3942
39427
3943
39435
39444
39446
3945
3946
3947
3948
3949
3950
3951
3952
3953
3955
3956
3957
3959
3960
3961
3962
3963
3964
3965
39659
3966
3967
3968
3969
3970
3971
39715
3972
3973
3975
3976
39768
3977
39779
3978
3979
3980
3981
3983
3984
3985
3986
39869
3987
3988
3989
3990
3991
3992
3993
3994
39941
3996
3997
3998
3999
4
40
4000
4001
4002
4003
4005
4006
4007
4008
4009
401
4010
4011
4012
4014
40148
4015
4016
4017
4018
4019
4020
4021
4022
40226
4023
4024
4025
4026
4027
40278
4029
4030
4031
4033
40339
4034
4035
4036
4037
4039
4040
4041
40412
40414
4042
4043
4045
4046
4047
4048
40491
405
4051
4052
4053
4054
4055
4056
40574
40581
40583
40597
4060
4061
40614
4062
40629
4063
4066
4067
4068
4069
407
40723
4073
40732
4076
4077
4079
408
4080
4081
40815
40817
40819
4082
40826
40833
4084
4085
40851
4086
40870
4088
4089
409
4090
4091
4092
40946
4095
40959
4098
41
410
4101
4102
4103
4104
4105
4106
4108
4109
4111
4114
4115
4116
4117
412
4121
4122
41226
4123
4124
4126
4128
41285
413
4130
4131
4132
4133
41336
4135
4136
4139
414
4140
4141
4142
4143
4144
4146
4148
4149
415
4151
41527
4153
4155
4156
41566
41569
41571
41573
4158
4159
416
4161
4162
4166
4167
4168
4169
417
4171
41714
41716
4173
4174
4175
41769
4177
4178
4179
418
4180
4181
4183
4184
4185
4186
41863
4187
4188
4189
419
4190
4191
41912
4194
4195
4197
4198
41997
42
420
4200
42002
42004
42007
42009
4201
42011
42013
42015
4203
4205
4207
4208
421
4210
4211
4212
4213
4214
4215
4216
42163
4217
4218
4219
42191
42197
422
4220
4221
4222
4223
4224
4225
4226
4228
4229
423
4231
4232
4233
4234
4235
42351
4236
4237
4238
4239
424
4241
42418
4246
4247
4248
425
4251
4252
4254
4255
426
4262
4263
42632
4265
4266
4267
42677
4268
42681
427
4270
4271
42718
42721
42723
42725
42728
4273
42730
42732
42734
42738
4274
42740
4275
4276
4277
4278
42783
4279
428
4280
4281
4282
4284
429
4290
42900
4291
4292
4293
42935
4294
42946
42958
4296
4297
4298
4299
43
4300
4302
4304
4305
4306
4308
431
4310
4312
4316
4317
43177
4318
4319
432
4321
4322
4324
4326
43267
4327
4329
433
4332
4333
43333
4334
43351
4337
43376
4338
4339
43391
43396
434
4340
43419
4342
4343
4344
4345
4347
4349
435
4350
4351
4352
4353
4354
4355
43556
43558
4356
43560
4357
4359
436
4360
4361
43635
4366
4367
43679
4368
4369
437
4370
43708
4371
4372
43744
4375
4378
438
4380
4381
4383
43832
43836
43838
4384
4386
43869
4387
43871
4388
4389
43899
439
4390
43904
43908
4391
43910
43917
43919
4392
43921
43928
43930
43932
43936
4394
4396
4397
4399
44
440
44004
4401
4402
44022
4403
4404
4405
4406
4407
44073
4409
441
4410
4411
4414
4415
4417
44191
44193
44195
44197
44199
442
4420
44204
4422
44225
4424
44245
4426
4427
4428
443
44301
44317
4432
4433
4437
4438
44397
444
4440
4441
4442
44421
4443
4444
4445
4446
4447
4448
445
4450
4451
44511
4452
4453
4454
44555
4458
44587
4459
44597
446
44613
4462
44633
4464
4465
4466
44665
4467
44671
4469
44694
447
4470
44709
4471
44717
4473
44731
4474
4475
44759
44761
4477
4478
44788
4479
448
4480
4482
44828
4483
44840
44849
4486
44864
4487
4488
4489
449
4490
4491
44911
4492
4493
4495
4496
44972
44974
4498
4499
45
450
4500
45000
4501
4502
45028
4503
4506
45062
4508
45081
4509
451
4511
4515
4516
45172
45179
4518
45183
45186
4519
452
4520
45208
4521
45210
4522
45221
4523
4524
4526
4527
4528
4529
453
4531
4532
4533
4534
4535
4537
4538
45382
4539
454
4541
4543
45431
4544
45440
45442
45447
4545
4546
45499
455
4550
45501
45506
45517
4552
45521
4553
4555
4557
4558
4559
456
4560
4561
4562
4563
4564
4565
4566
45662
45666
45668
4567
45672
45679
4568
4569
457
4570
4571
4572
45720
45722
45726
45728
4573
45730
45732
4577
4578
458
45837
4584
4585
4587
45880
4589
459
4590
4591
4592
45928
4593
45942
45950
45969
45987
46
460
4600
4602
4603
4605
4606
46062
4608
461
4610
4612
4614
4615
4616
4617
4618
4619
4621
4622
4623
4624
4625
4626
4627
4628
4629
463
4630
4632
46322
46335
46337
4634
46347
4636
4638
4639
464
4640
4641
4642
4643
4644
4645
4649
465
4652
46530
4654
46544
4655
46559
46561
46574
46578
4658
4659
466
4660
4661
4662
4663
4664
4666
46664
4667
467
4670
46723
4673
4674
4675
4676
4677
46772
4678
4679
468
4680
4681
4682
4684
46850
46855
4686
46865
4687
4688
469
4690
4691
46919
4692
46948
4696
46965
46967
4697
46970
46972
46974
46976
4698
4699
47
470
4700
4701
4703
4704
47044
4705
4706
4709
47092
47099
471
4710
4711
47122
47124
4713
4714
47148
47152
4716
4717
4718
4719
47196
472
4720
47200
47202
4721
4722
4723
4724
4725
47254
47261
4727
47274
4728
47287
473
4731
4732
4733
47330
4734
4735
4736
4737
4738
47382
47384
474
4740
47404
4741
47423
4743
4744
4745
47465
4748
4749
47491
47493
475
4750
4751
47518
4752
4753
4754
4755
4756
4757
476
47606
4761
47610
47629
47640
4765
4766
4767
4768
4769
477
4770
4771
47714
4772
47721
47728
4774
4775
4776
47810
47815
4782
4783
4784
4787
4789
47894
479
4792
47937
4795
47950
47952
4796
47978
4798
4799
47997
47999
48
480
4800
4801
4802
4803
48032
4804
48043
4806
48061
48082
4809
481
4810
4811
4812
4814
48142
4815
48159
4816
48165
4818
48198
482
4821
4822
4823
48231
4826
48262
48268
483
4830
48301
48304
4831
48319
4832
48322
4833
4834
4835
4836
4837
48385
48394
484
4840
48414
4842
4844
4846
4848
4849
485
48501
4851
48516
48518
48520
48522
4854
4855
48560
4857
4859
48591
48593
48596
486
4861
4862
4863
4865
4866
48660
4867
48682
48696
48698
487
4873
48738
4874
48741
48744
4875
4876
48774
4878
48780
48783
48791
488
4880
4881
48817
4885
48856
4886
4887
48872
48877
4888
4889
489
4890
4893
4895
4896
4897
48972
4898
48982
4899
48997
49
490
4901
49013
4902
4903
491
4911
4912
49132
4914
4915
492
4920
4921
49220
49225
4923
4925
49265
4927
49272
49274
49278
4928
49280
49284
49286
4929
49299
493
4930
49314
4932
4933
4936
49394
49396
494
4941
4945
4947
4948
4949
495
4951
4952
49526
49528
49530
4954
4956
4957
4958
496
4960
4961
4963
4964
49647
49649
4965
49651
4967
4968
49688
4969
497
4970
4971
4972
4973
4974
4975
4976
4977
49772
4978
4979
498
4980
4981
49817
49822
49824
4984
4987
4988
4989
499
4990
49902
49910
4992
4993
49932
4994
4995
49957
4996
49961
4998
4999
5
50
500
5000
50005
5001
50011
5002
5003
5004
50064
50068
5008
5009
501
5010
5012
5013
5014
50147
5015
5016
50160
50162
5017
5018
50189
502
5021
5022
5023
50245
5025
50259
5026
5027
5028
5033
5034
5038
5039
504
5040
5041
5042
5043
50442
50445
5046
5047
5048
5049
505
5051
50514
5053
5054
5055
5056
5057
50583
5059
506
5060
50601
5061
5062
5063
5064
50641
5065
50651
50658
5066
50685
5069
507
50703
5071
5072
5073
5074
50740
50742
5075
5076
5079
50792
50794
50798
508
5080
50802
50804
50806
5081
5083
50842
5085
50851
5087
50872
5088
509
50912
5092
50923
5093
5094
5095
50954
5096
5097
5098
5099
510
5101
5102
5103
51044
5105
5106
5107
51077
5108
51080
51084
51086
51088
5109
51091
51094
511
5110
5111
51127
5114
5117
51174
5119
512
5120
51207
5121
5122
5125
51255
5127
51277
5128
513
51304
5134
5135
51357
5137
51372
51380
5139
514
5141
51412
51418
5142
5146
5147
51471
515
5151
5152
5153
51540
51575
5159
516
5161
5164
5165
51662
5167
5168
51698
517
5170
51705
51709
5171
5172
5177
51773
5179
518
5180
5182
51834
5186
5187
51884
519
51925
51927
5193
51931
51935
51937
51939
5198
5199
52
520
5202
5203
5205
5208
521
5210
5214
5218
5219
522
5220
5222
5223
5224
52241
52245
5225
5226
5227
52281
52287
5229
523
5230
5231
52319
5232
52328
5233
5234
5236
5237
52378
5238
524
5241
5242
5243
52435
5244
52456
52458
5246
52460
52462
5247
5248
5250
52528
5254
52545
5255
5256
52579
5258
526
52604
52606
52617
5264
52644
5265
5266
52666
52668
5267
5269
52694
527
5271
52712
52717
52722
52730
5275
5276
52767
5277
5278
5279
528
5282
5283
52831
5285
5288
52885
529
5291
52913
5292
5293
5294
52950
52952
5296
52967
5297
52973
52975
5298
5299
53
5300
53000
5301
5302
53024
5303
53038
5304
5305
5307
5308
5309
531
5312
53121
53123
53125
53129
5313
53133
53138
5315
5316
53189
5319
532
53207
5323
5324
5325
5329
533
53318
53322
53326
5333
5334
5335
5337
5339
534
5341
5342
5343
53435
5344
53447
5346
53460
53464
53466
53468
5348
5349
535
53519
5352
5353
5354
53550
5356
5357
5359
536
5360
5361
5363
5364
5365
5366
5367
537
5372
5373
53737
5375
5377
5378
5379
538
5380
5382
5383
5384
5385
5387
5388
53883
53887
5389
53894
539
5391
5395
53953
53956
53972
53974
5398
53993
53996
53999
54
540
5400
54001
54004
5401
5404
541
5410
5413
5414
5415
5416
5417
5418
5419
54190
542
5420
5421
5422
54220
5425
54251
54256
54259
5427
54270
54272
54276
5428
54281
54286
54290
543
54328
5433
54331
5434
54372
5438
544
5440
54419
54426
5443
5444
5445
5446
5447
5448
5449
5450
54503
54513
5452
5458
5459
546
5460
5462
5463
5464
54648
5466
547
5470
5471
5473
54732
54734
54736
54745
5475
54768
5477
54771
54775
5478
54780
54785
54787
5479
548
5480
5481
5483
54881
5489
549
5490
54910
5498
54995
54997
54999
55
550
5500
5501
5502
5503
55031
5504
5505
55052
5506
55063
55069
5507
55071
55078
5508
55094
551
55100
55110
55116
55118
5515
55156
5516
55167
5517
5518
552
55207
5521
5522
5523
55232
5524
55245
55247
5525
55250
55253
55259
55261
55267
55269
5527
55272
55274
55276
5528
55280
55282
55290
55294
553
5530
5531
5534
5535
55363
5538
5539
554
5540
5541
55417
5544
55442
55444
55451
5548
55498
555
5553
55555
5556
55566
55577
5558
556
5560
5561
5562
5564
55652
5568
55684
55687
5569
5570
5572
55721
5573
55732
5574
5575
55757
55765
55768
5577
558
55805
5581
55814
5582
55820
55830
5585
55851
55872
5588
55895
559
55908
5597
5599
55995
55999
5600
56003
5601
5602
5603
56030
5604
5605
56069
5607
56079
5608
5609
56095
561
5611
5612
5613
56145
5615
56152
56156
56169
5617
56171
56174
56176
5618
5619
562
5620
5621
5622
5625
56251
56274
5628
56286
5629
563
5630
5632
5633
56333
56336
56339
5636
56367
5637
5638
564
5641
5642
5643
5644
5646
5649
565
5650
5651
5655
56563
56587
56607
5662
5663
56633
5666
5667
5668
5669
567
5670
56715
5672
5673
5675
56757
5677
56775
5678
56782
56788
5679
568
5680
56801
56805
5682
5684
5685
5686
56869
56885
5689
569
5690
56908
5691
56915
56921
5693
5694
56941
56949
5696
5699
57
5700
5703
57038
5705
5707
571
5710
5712
5715
5718
57223
5723
57243
57274
5729
573
5732
57326
5734
5735
57353
5736
57368
5737
574
57401
57418
5742
57430
5745
57453
5746
5747
575
57504
5752
57526
57528
57532
5754
57640
5765
57669
5768
577
5772
5773
5777
5778
5779
57792
5780
5782
5784
57845
5785
5787
5788
5791
57910
5792
5795
57951
5796
57972
57980
5799
58
580
5801
58025
58029
5803
58047
5808
5809
581
5810
58103
58105
58107
5812
58146
5815
58154
58156
5816
5818
5819
58191
582
5820
5825
5826
5828
5829
58293
58295
58297
58299
5830
58301
58303
58306
58315
5832
5833
5834
58347
58351
5836
58365
58376
5839
5840
5841
58425
5843
58432
5846
5847
585
5850
58520
5853
5854
58554
58559
5857
5859
586
58627
5864
58649
58655
5866
5867
5868
5869
587
58706
5872
5873
5874
5875
5876
5878
5879
588
5880
58803
5881
5882
5883
58839
58879
5888
58889
589
58904
5891
5893
58964
58972
58975
5899
58998
59
590
5900
5901
59014
59016
59018
5902
59022
5903
59037
5909
5910
59103
59118
59126
5913
5914
59141
59143
5915
5917
5918
59180
592
5923
59258
5926
5927
59273
593
59306
59315
5932
5933
59333
59339
5936
59369
5938
59387
59392
594
5940
5941
59418
5942
59421
59429
5943
5944
59447
5945
5947
5949
595
59501
59519
5952
5954
59549
5955
5956
5957
5958
5959
59590
59594
596
5960
5961
59615
5962
5963
5965
5966
59669
5968
59684
5969
597
5970
5971
59721
59725
59727
59731
59784
5980
59805
5981
59810
59814
59832
59834
59846
5985
5986
5989
599
59900
5991
5992
5993
59935
5994
59945
5995
59985
59995
6
60
600
6000
6001
6003
60037
60040
6005
6006
60069
60072
60074
6008
60086
6012
60126
60128
6013
60135
60137
6014
6016
60161
6021
6022
6025
6027
60291
60293
60295
603
6031
6032
6033
60333
60343
6035
6037
60382
60384
6039
60397
6040
6042
6047
60471
60487
605
6051
60514
60516
6056
6057
6058
6059
606
6060
60609
6062
6063
6064
60649
60674
60684
6073
60753
60756
60760
60763
60766
6077
6078
608
60832
6084
60857
609
6091
6092
6093
60937
60943
6095
60950
6096
60990
61
610
6100
6101
61013
61024
61026
6103
6104
6105
6107
61071
61075
6109
611
61123
61132
6114
6115
6116
61160
61167
612
61206
6121
61210
6122
6123
61236
6124
61240
61248
6125
61250
6126
6127
61289
613
6132
61323
6133
61348
61350
61352
61357
61361
61394
614
6140
61401
6143
61465
6148
615
6154
6155
6156
6157
6159
616
6162
6163
61634
61646
6166
617
6170
61705
61729
6178
6180
6182
6183
6184
6185
6186
6187
6188
619
6195
6197
6198
62
620
6201
6203
6204
62049
6207
62081
621
6211
62113
62115
6212
6213
6214
6215
62155
6216
6218
6219
62203
6223
6225
62250
6227
6228
6230
6231
6232
6233
62331
62336
6234
62344
6235
6237
62374
62376
62378
6238
62383
6239
62394
6240
6242
6243
62434
62437
6244
6245
6247
6249
6250
62511
6252
6254
6256
6257
626
6260
6261
6263
6264
62644
6265
6266
6268
6269
627
6271
62718
6273
62733
6276
62764
6279
62792
628
62801
6281
6283
6284
62849
6286
6287
6290
6291
62912
6294
6295
62956
6296
6297
6298
6299
62999
63
630
6300
6301
6302
6303
6305
6306
63062
63072
6308
63082
631
63113
63131
6314
6315
6316
63179
6318
632
6322
6323
63239
6327
63276
6329
633
6331
6332
6333
6335
6337
6338
6339
63393
6341
6342
63436
6344
6345
63479
6348
63481
6349
635
6350
63515
63540
6355
6356
6357
6358
63629
6365
6367
6368
6369
637
6370
6373
6375
6377
6378
6379
638
6380
63808
63826
6383
63836
6384
6385
63853
63859
6386
6387
63876
639
6390
6395
63992
64
640
6400
64030
64032
64034
6404
6405
6408
6410
64114
64116
6412
6413
6414
6415
64153
6416
6419
64197
6422
64229
6423
6424
64249
6425
6426
6427
64278
6428
64285
6429
6431
6432
64321
6433
64338
6436
6440
6442
6446
6447
6448
6449
64497
64499
6450
64501
64508
6452
6454
64575
6458
6460
6461
64614
64620
64622
6464
6465
6466
64660
6467
6468
64695
647
6470
64701
64716
6473
6474
6476
6477
648
6480
6482
64839
6484
64900
6493
64957
64969
6498
64983
64990
64993
64997
65
650
6502
6503
65037
6506
65088
6509
651
65126
6513
65130
65133
65135
6514
6516
6518
65188
65193
6521
65216
6522
65230
6525
65259
65261
6527
6528
653
6530
6531
65310
6533
6534
6535
6536
6537
6538
6539
6541
65418
65465
6547
6548
6550
65514
6552
65552
65567
65577
65585
6559
656
65601
6561
6562
65638
6564
65642
6565
6566
65665
6568
65682
65685
6571
6579
65802
6582
6584
6585
6586
6587
659
6591
6592
6593
6595
6596
6598
65982
6599
66
6600
66019
6602
6603
66066
6609
66090
66097
661
6611
6612
6613
66130
6615
6617
66171
6618
66198
662
6620
66200
66203
6624
66246
6628
6629
66297
663
6630
66310
66317
66335
6636
66371
6638
6639
664
6641
66427
6643
6644
6645
6646
665
6650
66509
66544
6658
6659
66596
6662
6663
6664
6665
66659
6666
66665
66686
6669
667
6671
66744
6676
6678
66785
6679
66798
668
66808
6684
6686
6690
66915
66934
6695
670
6703
6706
6707
6708
67087
6709
671
6710
6711
6713
6718
67193
67197
6721
6722
6723
6724
6725
67252
67255
67267
6728
67295
673
6730
6731
6732
6735
67361
6739
674
67408
67429
6743
6744
6748
67504
67508
6751
6753
6754
6755
6757
6760
6762
6763
6764
6765
67665
6768
6769
67695
6770
6771
6772
6773
67734
6774
6776
6777
67788
6779
67799
678
6780
6782
6783
6785
6786
67867
6787
6788
679
6790
6791
67923
6793
6794
67957
6796
6797
6798
67997
68
680
6800
6803
6806
6807
68073
6808
68099
681
6810
6811
6812
6813
68135
68137
6814
68157
68159
6816
6818
68194
6820
68205
6822
68237
6826
68269
6827
6828
6829
68319
6832
68324
68347
6835
68358
6840
68444
68486
685
6850
6851
6852
68536
68554
6856
6857
6858
68614
6862
6863
6864
68659
6867
6868
6869
687
6870
6872
6873
6874
6875
6877
6879
68791
68793
688
6880
6881
6883
68835
68838
6884
68848
6885
6887
68872
6888
68884
6889
6890
68901
6892
6893
68932
68945
68952
68954
68959
6896
68965
68967
6898
69
690
6902
6906
69069
6909
691
69118
69122
69134
6918
692
6920
69241
69253
6927
69275
69278
69280
6930
69306
6932
6934
6935
6936
694
6940
69406
6942
69436
6944
6945
69458
6947
69481
69495
695
6950
6951
69516
6952
69524
69526
69529
6953
6954
69559
6957
6958
6959
696
69604
69606
6961
6963
6964
69640
69644
69654
6966
69685
697
6970
6971
69712
69720
6974
69746
6975
69757
69761
6977
6978
69784
6979
698
69805
6981
6982
69821
6983
69844
69849
6985
6986
6987
6989
6990
69908
6991
6992
6993
69945
6995
69951
6996
6997
69974
6999
7
70
700
7000
7001
7002
7003
7004
7005
7007
7008
7009
7010
7011
7012
70121
7013
70159
7016
7017
7018
70183
70188
702
7020
70201
7022
7023
7024
7025
7026
7027
7028
70282
70286
7029
70293
703
70305
70336
7034
70344
7036
7038
704
7040
70418
7042
7043
7044
7045
7046
70465
7048
70488
705
7050
7051
70533
70545
7055
7056
70565
70567
7058
7059
70597
70599
7060
7061
7062
7063
7064
7065
70663
7067
70678
7068
7069
70697
707
7070
7071
7072
70728
7073
7074
7075
70751
7076
70762
7078
7079
708
7080
7081
7082
7083
7084
70846
7085
7086
70862
7087
7088
7089
70898
709
7090
7091
70927
7093
70946
7095
7096
70984
7099
70994
71
710
7101
7102
71033
7104
71057
7107
7108
711
7110
71102
71106
71108
7111
71131
71135
7115
71156
7116
7117
71180
71205
7121
71211
7122
7123
71248
7125
71252
71254
7126
71264
71282
7130
71304
7131
71318
7132
7135
7136
7137
71379
7139
71390
714
71404
7142
71429
7143
71433
71438
71460
71462
71464
71466
71468
7147
7149
71490
71494
715
7150
7151
71518
7152
71520
71525
7153
71530
71533
71535
7154
7155
7156
71573
71579
7158
7160
7161
7162
7163
7164
71640
7165
71650
71668
71700
7171
7172
7173
71732
71745
71755
7177
7178
7179
718
7180
71804
71810
7182
71823
71838
7186
71876
7189
71899
719
7190
7192
7193
7195
7196
7198
7199
72
720
72011
7204
72043
7206
7207
7208
7209
721
7210
72104
72109
7211
7212
72129
72131
7215
7216
72165
72169
7217
72171
72176
7219
722
72209
7222
72224
72226
7223
7228
72294
72308
7234
7235
72356
7236
72367
72378
7238
72380
72386
72393
72395
724
72405
72407
7245
7247
72479
7248
72489
725
7250
7254
7255
7256
7257
7258
726
7260
72603
72605
72612
72626
7263
72630
72641
72647
7265
7266
72683
72694
72696
72701
7272
72720
72731
72733
72737
72741
72762
72781
728
7282
7283
7285
72880
72919
7293
7294
72947
7299
72998
73
7300
73015
73017
7302
73023
7303
73042
7305
7307
7308
7309
731
73101
73106
7311
7312
7315
7316
73168
7317
7318
7319
7320
73211
7323
7324
7325
73266
73268
7327
73276
73290
733
73319
73321
73323
7334
73344
73386
73392
7340
7343
7346
73469
7347
7348
73488
7349
735
7352
73531
7354
7355
7357
73572
7358
73587
736
7360
7361
7362
7366
73664
7367
7369
737
7371
7372
7373
7374
73741
7375
73759
7376
7379
7380
73808
7381
7382
73854
7386
73860
7387
73881
73929
7394
7395
7396
74
7407
74089
741
7411
74115
7415
74152
74154
74156
7419
742
74228
74275
74282
743
74324
74327
7437
74370
7438
7439
74416
74438
7444
7445
74450
74452
74458
7448
74486
7449
745
7450
74508
7451
74510
7453
74530
74532
7454
74545
7456
7458
74580
7459
746
7460
74624
74630
74649
74668
74677
74685
74688
74698
747
74727
74740
74754
7478
74787
74789
74795
748
7481
7482
7484
74851
74868
7487
74916
7492
7493
74944
74946
74948
750
7502
7505
753
75341
75349
754
7541
75440
755
756
7560
7564
7566
7569
757
7570
7571
7572
7573
7574
7577
7579
75803
75805
75813
75816
75823
7583
7584
7585
7586
7587
759
75983
75985
75990
76
760
76030
76054
76060
76077
76091
76093
761
76111
7613
7614
7615
7616
76173
76175
7619
762
7620
76210
7624
7625
76251
7627
76272
76293
76303
7636
764
7649
765
7650
766
7669
767
76738
76763
769
7697
7698
77
7700
7701
7702
7705
7706
7708
7713
7714
77191
7720
77201
77206
7728
77291
77307
77359
77364
7738
77414
77421
77427
7743
77435
77455
7748
775
7753
77561
7757
7759
7762
7764
77658
7766
7767
7771
7773
7774
77798
778
77800
77808
77810
7782
77837
77846
7786
77866
7787
7789
779
7790
77907
7791
7792
78
780
7802
78034
78039
78041
78088
7809
781
7810
78101
78105
7811
78111
78116
7812
78122
7815
78160
7817
78174
7818
782
7820
78209
78218
7822
7826
78264
78266
7827
783
7831
78316
7832
78321
7833
7834
78349
7835
7836
784
7840
7841
7842
7843
7844
7845
7846
78467
78469
78499
785
78517
78544
78574
786
78637
78653
787
78703
7872
78729
78772
7878
788
7881
7882
78829
7883
78836
7888
7889
78893
78903
7892
7894
7895
78967
7897
7899
79
79006
79008
79029
79057
79091
79132
79134
79136
79139
7914
7915
7916
79163
79185
7919
7920
79203
7921
7922
79224
7924
79242
7925
79251
79259
7926
79274
79293
79299
793
79318
7932
7934
7935
79357
7936
7938
7939
7941
7942
79428
7943
7944
7946
79469
7947
7948
7951
79553
7958
79588
7959
79590
79592
79677
79686
79695
79702
79720
7976
7979
79796
798
7980
7981
7982
79824
7983
7984
79868
7987
79879
799
7990
7991
79946
7995
8
80
800
80026
8003
8008
80083
8009
801
8010
8011
8012
80126
8014
8015
8016
80166
80185
8019
802
80217
80219
80241
803
8033
80346
80350
80363
8039
804
8042
8044
80463
80489
805
80549
80551
80553
8056
8057
80572
80584
80586
80590
80599
806
80615
80693
8070
80717
80727
80736
80748
808
80831
80839
80844
80846
80858
80860
80862
80864
809
80906
80917
8093
8094
80969
81
810
81018
81054
81083
81132
81138
81156
81158
8117
81191
8121
81229
8123
8125
8126
8128
8129
813
8130
8131
8132
8133
8136
8137
8138
81417
8142
8143
8147
81512
81516
81535
81537
8154
81562
81564
8157
8158
81591
816
81641
81660
8167
8169
81782
81784
81786
81788
818
81819
8183
81831
81834
81845
81847
8187
8188
8189
81898
8190
8191
81910
81932
8194
81949
8195
8196
8197
8199
82
820
82035
82037
82041
8207
8208
82093
82095
82150
82152
82167
82169
82173
82202
82242
8225
8228
8235
82378
8239
824
8240
82459
82461
82463
82499
82527
8253
82534
8254
8256
8257
82608
8261
8263
8264
8266
82667
8267
8268
8273
8275
828
82852
82854
829
8290
82931
82934
83
830
83086
83096
831
83132
83134
83177
832
8327
83270
83293
833
8331
83318
8332
83322
83332
83349
83359
8336
83361
8337
83374
8338
834
8340
8341
83411
83480
835
83506
836
8360
83603
8361
83613
8362
8363
8364
8366
8367
8368
8369
837
8370
8371
8372
8373
8376
838
83803
83827
83829
8385
8387
8388
839
83910
8392
83976
84
840
8403
8404
84098
841
8410
84116
84152
84154
84160
84187
842
8420
8422
8423
84236
84304
84312
84374
84392
84395
844
84414
8447
845
84506
8451
8453
8459
846
8460
84601
84615
8462
8463
84637
8464
8465
84696
8477
84772
848
8482
8484
84844
84847
8485
8487
849
8491
8492
8493
84944
84950
84952
84954
8499
85
850
85016
8502
85020
85022
85025
8504
85056
8507
851
8511
85131
85179
852
85213
8522
8524
8525
8526
85261
8527
8528
8529
8530
8531
85316
8533
8534
85342
8535
85367
8537
85394
85397
85399
854
85401
85412
85414
8542
85438
8544
85510
85572
85612
8571
8572
85736
8574
8575
8576
8577
85774
85780
85788
85796
858
8580
8581
8582
8583
8584
85881
8589
8591
8596
86
8600
86000
86014
86028
8604
86059
8607
8609
861
8610
8611
8612
8614
86142
8616
8617
8618
86190
8620
8622
8623
8625
8629
86290
86293
86298
86320
8633
86332
86345
86347
8636
86377
8638
864
8640
8641
8642
8643
8644
8645
86487
865
8650
86504
8654
86548
8656
8657
86593
866
8661
86626
86644
8665
8666
8667
867
8670
8672
86721
8675
86781
86817
86833
86835
8684
86852
86864
86880
86882
86884
8689
86892
86898
869
8690
86911
8695
86982
8699
87
870
8700
8709
8711
8712
8713
8718
87192
872
8720
87205
87218
8722
87222
87232
87234
8724
8725
8727
87298
8730
87304
87306
87383
8743
87430
87444
8745
87483
87485
875
8751
8752
87520
87522
87529
8753
8754
87598
876
8761
8763
8765
87660
8768
8772
8777
87785
8779
8781
8783
8784
8785
87869
87876
87884
879
8790
87930
8795
8796
8797
87975
8798
8799
88
880
8800
88024
8807
8808
881
8810
88106
8811
88118
88125
88129
8813
8814
88140
88163
88179
8819
882
8820
8821
8823
88235
88267
8827
88272
8828
8830
8831
8832
8833
88345
8835
88356
8836
8838
88380
8839
8840
88405
8848
885
8850
8851
8853
8854
8857
8859
886
8860
8861
8864
8865
8866
88672
88682
8870
8871
8872
8873
8874
88744
88785
8879
888
8880
88810
88812
8882
8884
88879
889
8892
8893
88932
88950
88954
8899
89
89000
8903
89030
89039
89045
89047
8906
8907
89072
8908
89085
89087
89090
891
8910
89102
8911
89118
8914
8915
8916
8917
8918
89194
892
8920
89203
8921
8923
89260
8927
8928
8929
893
8930
89300
89305
8931
89321
8933
89337
89343
8935
89356
8937
8938
89388
89408
89427
8943
8946
8947
89470
8948
8949
89492
8950
8951
8954
8955
8957
8958
896
8961
8963
8964
8965
8966
89678
8968
8969
897
8970
8972
8973
8974
89745
89753
89759
89761
8977
89774
8979
898
89804
8981
8982
8983
89837
8984
89840
8985
8986
89864
8987
89870
8988
89881
8989
899
89904
8998
8999
9
900
9000
9001
9004
9005
90057
90061
901
9010
9012
9018
902
90249
90266
903
90343
90345
90357
90374
90376
904
90403
90405
90428
90430
90439
90469
905
90522
90524
90531
90576
906
90600
90603
90647
907
90717
90719
90738
90746
908
90863
90866
90870
90888
90890
909
90947
910
91077
91094
911
91104
91126
91128
91134
91199
912
91273
91286
913
91323
91325
91355
914
91414
91470
91483
91485
91488
915
91500
91505
91529
91535
91542
91548
91582
916
91610
91622
91628
91630
91653
91658
91660
91673
91688
91690
917
918
91842
91869
91873
91886
91890
919
91935
91947
91974
91976
91978
92
920
92004
92008
92048
92058
921
92163
92198
922
92206
92210
92234
92259
92264
923
92309
924
92420
92424
92439
92494
92496
92498
92507
92509
92535
926
92613
92665
92681
92694
927
92751
92756
928
929
92938
92954
92966
93
930
93040
93061
931
932
93242
93265
93270
93272
93287
933
93320
93324
93326
93363
934
93422
93432
93443
93498
935
93510
93512
93563
936
93693
937
93700
93721
93766
938
93805
93831
93838
93840
93855
939
93980
93982
94
940
94011
94015
94018
94024
94070
941
942
94266
943
94323
94325
944
94466
94478
94480
94494
945
946
94672
94677
947
94777
94780
94799
948
94833
94864
94896
949
94919
94931
94939
94953
94959
95
950
95067
95088
951
95105
95113
95115
95135
95147
95165
95167
95182
95199
952
95201
95207
953
95307
95309
95311
95313
95375
95377
954
95441
95443
95449
95473
95475
95499
955
95508
95510
95543
95558
95567
95583
956
95654
957
95720
95740
95744
95752
95761
95780
95782
95858
95873
95875
95949
95963
95965
96
960
96004
96007
96020
96075
96079
961
96110
96114
96150
962
96281
963
96314
96373
964
96417
96432
96448
96467
96488
96490
965
96530
96563
96565
96588
96590
966
96606
96610
96616
96634
96655
96667
96691
96726
96728
96737
96792
968
96811
96815
96821
96829
96832
96849
96861
96863
969
96901
96911
97
970
97057
971
97168
97188
972
97225
97230
97254
973
97304
97306
97328
97393
97395
97470
97593
976
97639
97673
97742
97744
97752
97757
97817
97826
97836
97858
97860
97866
97870
97895
97913
97921
97923
97936
97938
97957
97994
98
980
98000
98056
98083
981
98122
98124
98126
98154
98160
98175
982
98230
98243
98279
98296
98369
984
98441
98458
98473
98491
98585
98587
986
98604
98607
98611
98615
987
98795
988
98803
98809
98829
98836
98908
98913
98933
98961
98963
99
990
99005
99007
99030
99085
99089
991
99106
99112
99114
99117
99145
99149
992
99220
99270
99273
99276
99296
99320
994
99415
99437
99468
99470
99574
996
99609
99615
99669
99675
997
99728
99741
99764
99795
998
99811
99813
99839
99846
999
99912
99917
99992
